zero guess, init one and orthonormalize it.
initial guess = 
 -0.266522    0.25808  -0.135501  -0.215483    0.37898   0.396103
  -0.26639  -0.119933  -0.250731  0.0425311  -0.298279  -0.278102
 -0.305086  -0.144142  -0.410651   0.140421  -0.137085   0.118314
 -0.133924  0.0470624  -0.122068  -0.341391  -0.271668   0.239315
 -0.137331  0.0042325   0.091185  -0.031642  -0.372339  -0.227656
  -0.18854 -0.0612447  0.0296472  -0.231053 -0.0811397  -0.182225
 -0.051295 -0.0379998   0.229231  -0.163122 -0.0668537  0.0813379
 -0.247207   -0.22905  0.0953516   0.122648  0.0101797   -0.28865
-0.0746934    -0.4454   0.293474   0.114093   0.247898   0.114805
 -0.262786  -0.196083  0.0993639   0.238658  -0.037843   0.278076
 -0.320808 0.00667062  0.0532875 -0.0484507    0.25604  -0.165043
 -0.107891  -0.395847  -0.309111   -0.21224   0.204595   0.223421
-0.0973054  0.0615987   0.358458  -0.320116  -0.086874   0.134451
-0.0043939  -0.425633    0.21358 -0.0162205  0.0333727   0.131841
 -0.070501 -0.0728144   0.169779  -0.542408  -0.292754  0.0153329
  -0.29447   0.363411   0.288772 0.00863475   0.228142 -0.0241185
 -0.275356   0.281491   0.148657   0.424049  -0.345271   0.365188
 -0.309935  0.0396499   0.190207  0.0223684   0.215744  -0.384338
 -0.252778  -0.160305   0.128192  0.0980596  -0.160123   0.131665
 -0.320464    0.12625  -0.330126  -0.123027   0.130011  -0.131043
first round A_reduced = 
  11.2627   -1.3266  -2.26582 -0.923222 -0.864451  0.756914
  -1.3266   11.6303  0.167204    1.7102 -0.978447  -1.44022
 -2.26582  0.167204   10.8431  0.392892  -1.25442  0.992644
-0.923222    1.7102  0.392892   11.7619 -0.282402   2.15508
-0.864451 -0.978447  -1.25442 -0.282402   9.15047  -3.93009
 0.756914  -1.44022  0.992644   2.15508  -3.93009   9.63446
first round A_reduced diag = 
 -0.048061  -0.625682   0.203418   0.402727   -0.56336    0.29201
 -0.290628 -0.0465831   0.583824   0.495008   0.478536  -0.313824
-0.0474352  -0.635697   0.150807  -0.626258   0.104519  -0.409602
  0.239873  -0.234323  -0.614013   0.444326  0.0466725  -0.557618
 -0.640647  -0.263031  -0.463624  0.0143678   0.391637   0.389683
 -0.665589   0.279551 -0.0553967 -0.0542901  -0.535862  -0.430905
first round A_reduced' * A_reduced = 
           1  1.38778e-16  1.11022e-16   -2.498e-16 -2.22045e-16 -1.38778e-16
 1.38778e-16            1  1.38778e-17            0 -2.22045e-16 -3.33067e-16
 1.11022e-16  1.38778e-17            1  3.46945e-17 -1.11022e-16 -3.60822e-16
  -2.498e-16            0  3.46945e-17            1            0 -1.11022e-16
-2.22045e-16 -2.22045e-16 -1.11022e-16            0            1 -2.77556e-16
-1.38778e-16 -3.33067e-16 -3.60822e-16 -1.11022e-16 -2.77556e-16            1

LOBPCG iter starts with max_iter = 10 and tolerance = 1e-06
----------------------------------------------------------------------
iter#       root         eigenvalues         residuals           converged  


----- starts Loop #0 -----
0           0            1.53279             1.91617             0          
0           1            3.23317             2.16239             0          
0           2            4.88141             1.82707             0          

number of active eigenvalues: 6


----- starts Loop #1 -----
1           0            1.00571             0.215198            0          
1           1            2.17951             0.865137            0          
1           2            3.13686             0.791819            0          

number of active eigenvalues: 6


----- starts Loop #2 -----
2           0            1.00001             0.0128527           0          
2           1            2.00006             0.0296634           0          
2           2            3.00036             0.0692073           0          

number of active eigenvalues: 6


----- starts Loop #3 -----
3           0            1                   0.000353008         0          
3           1            2                   0.00148601          0          
3           2            3                   0.00254888          0          

number of active eigenvalues: 6


----- starts Loop #4 -----
4           0            1                   1.93835e-06         1          
4           1            2                   7.08415e-05         0          
4           2            3                   3.79522e-05         0          

number of active eigenvalues: 5


----- starts Loop #5 -----
5           0            1                   1.93835e-06         1          
5           1            2                   1.19547e-05         0          
5           2            3                   6.80076e-06         0          

number of active eigenvalues: 5


----- starts Loop #6 -----
6           0            1                   1.93835e-06         1          
6           1            2                   1.19523e-06         1          
6           2            3                   5.37011e-07         1          

> all of required 3 eigenpairs converged! <
LOBPCG total time:                 0.221247
LOBPCG time for avec:              0.204456
LOBPCG time for ortho:             0.0036332
LOBPCG time for Rayleigh-Ritz:     0.0048684
ok! converged 
------- final -------
LOBPCG eigenvalues = 
1
2
3
4
5
6
