--- starts eigensolver ---
A size: 9, (3, 3)
n = 3
solving A(3,3) matrix
A to be solved = 
           5   -1.249e-15 -6.66134e-16
-5.82867e-16            5  3.33067e-16
-7.77156e-16  4.44089e-16            5
The eigenvalues are:
5 5 5 0 0 0 0 0 0
--- end eigensolver ---
before main loop: v = 
 -0.229549   -0.85124 -0.0668112  -0.226113  -0.120235  -0.378565          0          0          0
 -0.230994    0.11859  -0.411789  -0.468735  -0.265167   0.212225          0          0          0
 -0.236405 -0.0886863  -0.477802   0.803525  -0.218948 0.00374597          0          0          0
  0.188205  -0.192023  -0.109004   0.057874   0.391616  0.0416662          0          0          0
 -0.561307 -0.0243051  -0.151974 -0.0646843   0.647078   0.343315          0          0          0
  0.281347  -0.262459  -0.269865 -0.0332879   0.181109   0.346511          0          0          0
  0.312165  -0.248237 -0.0929015 -0.0545128  -0.343799   0.638901          0          0          0
  0.534357  0.0572353  -0.489645 -0.0611462   0.325982  -0.343032          0          0          0
 -0.159479   0.286732   -0.49141  -0.261066  -0.194823  -0.214706          0          0          0
before main loop: av = 
 -1.14775   -4.2562 -0.334056         0         0         0         0         0         0
 -1.15497  0.592949  -2.05894         0         0         0         0         0         0
 -1.18203 -0.443431  -2.38901         0         0         0         0         0         0
 0.941026 -0.960116  -0.54502         0         0         0         0         0         0
 -2.80654 -0.121525 -0.759871         0         0         0         0         0         0
  1.40674   -1.3123  -1.34932         0         0         0         0         0         0
  1.56082  -1.24119 -0.464508         0         0         0         0         0         0
  2.67178  0.286177  -2.44822         0         0         0         0         0         0
-0.797397   1.43366  -2.45705         0         0         0         0         0         0

LOBPCG iter starts with max_iter = 100 and tolerance = 1e-06
----------------------------------------------------------------------
iter#       root         eigenvalues         residuals           converged  


----- starts Loop #0 -----
A_reduced = 
5            -1.13798e-15 5.55112e-17  4.71845e-16  4.16334e-15  4.60743e-15 
-9.99201e-16 5            1.11022e-15  4.996e-16    3.05311e-15  4.88498e-15 
4.996e-16    1.22125e-15  5            2.22045e-16  -8.32667e-16 -3.21965e-15
-2.77556e-17 7.77156e-16  2.22045e-16  5            2.22045e-16  1.66533e-16 
4.71845e-15  3.33067e-15  -1.05471e-15 5.55112e-17  5            4.44089e-16 
4.4964e-15   5.4956e-15   -3.21965e-15 1.66533e-16  0            5           
--- starts eigensolver ---
A size: 36, (6, 6)
n = 6
solving A(6,6) matrix
A to be solved = 
5            -1.13798e-15 5.55112e-17  4.71845e-16  4.16334e-15  4.60743e-15 
-9.99201e-16 5            1.11022e-15  4.996e-16    3.05311e-15  4.88498e-15 
4.996e-16    1.22125e-15  5            2.22045e-16  -8.32667e-16 -3.21965e-15
-2.77556e-17 7.77156e-16  2.22045e-16  5            2.22045e-16  1.66533e-16 
4.71845e-15  3.33067e-15  -1.05471e-15 5.55112e-17  5            4.44089e-16 
4.4964e-15   5.4956e-15   -3.21965e-15 1.66533e-16  0            5           
The eigenvalues are:
5 5 5 5 5 5 0 0 0
--- end eigensolver ---
A_reduced = 
0.443407     -0.250031    0.585199     0            -0.320908    0.543539    
0.568832     0.100344     -0.641684    0.356434     0.112028     0.339127    
-0.26823     -0.137764    -0.030188    0.741007     -0.579109    -0.153963   
0.00548141   0.33512      0.469223     0.553175     0.601242     -0.000525847
-0.425213    0.649857     -0.0605772   -0.0920555   -0.225864    0.577686    
-0.476484    -0.611406    -0.145024    0.0968896    0.369588     0.4818      
0           0            5                   1.11787e-14         0          
0           1            5                   3.55445e-16         0          
number of active eigenvalues: 3
--- start computing the coefficients of p ---
now v = 
-0.337809   0.0587282   0.369999    0.510271    -0.0236789  -0.689393   -0.0472076  0.0423458   -0.0729124 
0.0845485   -0.332774   -0.4335     0.242581    0.413461    -0.190927   0.646316    -0.0945822  0.0356676  
0.0686087   0.240736    0.322741    0.624602    0.245793    0.606867    0.118768    -0.00712048 -0.0138016 
-0.182596   0.197105    0.234037    -0.25223    0.225037    -0.0373884  0.231382    0.351342    0.761838   
-0.661034   0.347769    -0.427631   -0.0637768  0.349024    0.113358    -0.148239   0.165217    -0.266864  
-0.194457   -0.164823   0.264364    -0.204457   0.445035    0.0109095   -0.204045   -0.753477   0.125667   
-0.136407   -0.722478   0.247365    -0.0466945  0.262309    0.155906    -0.213126   0.480288    -0.163821  
0.425334    0.340675    0.292069    -0.322337   0.467139    -0.227697   0.120265    0.171104    -0.447238  
0.407913    0.0535224   -0.342043   0.274004    0.332469    -0.171691   -0.623625   0.103888    0.314574   


----- starts Loop #1 -----
A_reduced = 
5            -3.33067e-16 -8.88178e-16 -3.33067e-16 1.38778e-16  -5.27356e-16 -2.22045e-16 -2.77556e-15 1.98286e-13 
-7.49401e-16 5            -3.05311e-16 -7.97973e-17 1.2837e-16   -5.89806e-17 -1.41553e-15 1.04083e-16  3.9968e-15  
-9.99201e-16 -7.91034e-16 5            5.55112e-17  -2.498e-16   -1.38778e-16 -2.22045e-16 2.44249e-15  1.79856e-14 
-2.33147e-15 -3.05311e-16 4.44089e-16  1            -4.02456e-16 -4.02456e-16 -3.33067e-16 6.10623e-16  4.39648e-14 
0            2.498e-16    -9.99201e-16 -4.02456e-16 1            2.98372e-16  -3.9968e-15  -1.38778e-15 -1.62093e-14
-2.27596e-15 -6.93889e-18 -9.99201e-16 -4.02456e-16 2.98372e-16  1            2.88658e-15  3.45557e-15  5.43454e-14 
-4.44089e-16 -1.38778e-15 0            -1.11022e-16 -8.88178e-16 5.41234e-16  5            1.11022e-16  -2.22045e-16
-3.08087e-15 4.16334e-17  2.69229e-15  1.42247e-16  -2.28983e-16 6.93889e-16  5.55112e-17  5            -1.38778e-16
1.9873e-13   4.08007e-15  1.83187e-14  8.82627e-15  -3.2474e-15  1.08802e-14  -1.11022e-16 -4.16334e-16 5           
--- starts eigensolver ---
A size: 81, (9, 9)
n = 9
solving A(9,9) matrix
A to be solved = 
5            -3.33067e-16 -8.88178e-16 -3.33067e-16 1.38778e-16  -5.27356e-16 -2.22045e-16 -2.77556e-15 1.98286e-13 
-7.49401e-16 5            -3.05311e-16 -7.97973e-17 1.2837e-16   -5.89806e-17 -1.41553e-15 1.04083e-16  3.9968e-15  
-9.99201e-16 -7.91034e-16 5            5.55112e-17  -2.498e-16   -1.38778e-16 -2.22045e-16 2.44249e-15  1.79856e-14 
-2.33147e-15 -3.05311e-16 4.44089e-16  1            -4.02456e-16 -4.02456e-16 -3.33067e-16 6.10623e-16  4.39648e-14 
0            2.498e-16    -9.99201e-16 -4.02456e-16 1            2.98372e-16  -3.9968e-15  -1.38778e-15 -1.62093e-14
-2.27596e-15 -6.93889e-18 -9.99201e-16 -4.02456e-16 2.98372e-16  1            2.88658e-15  3.45557e-15  5.43454e-14 
-4.44089e-16 -1.38778e-15 0            -1.11022e-16 -8.88178e-16 5.41234e-16  5            1.11022e-16  -2.22045e-16
-3.08087e-15 4.16334e-17  2.69229e-15  1.42247e-16  -2.28983e-16 6.93889e-16  5.55112e-17  5            -1.38778e-16
1.9873e-13   4.08007e-15  1.83187e-14  8.82627e-15  -3.2474e-15  1.08802e-14  -1.11022e-16 -4.16334e-16 5           
The eigenvalues are:
1 1 1 5 5 5 5 5 5
--- end eigensolver ---
A_reduced = 
-8.14626e-16 1.79395e-21  -8.21622e-20 0.712396     -0.00711144  -0.0495372   -0.0188337   -0.0756794   0.695633    
-5.31452e-17 6.03011e-17  -1.32695e-16 0.0129704    -0.63621     0.216811     0.736641     -0.0732328   0.00762938  
-8.91764e-17 -2.41692e-16 2.40863e-16  0.0655079    0.168816     0.488753     0.0843222    0.846843     0.063857    
-0.715574    -0.0294762   -0.697915    -1.96086e-15 2.08786e-17  -1.18782e-16 -5.38209e-17 2.26184e-17  1.16275e-15 
4.93317e-14  -0.999109    0.042197     5.50801e-16  9.62931e-17  -1.0879e-16  1.70842e-16  -2.66358e-16 -5.95178e-16
-0.698537    0.0301951    0.714937     -2.3242e-15  -1.83221e-16 -2.04237e-16 -1.02613e-16 -1.08946e-16 1.5311e-15  
7.46731e-17  -2.26752e-16 -8.75902e-17 0.00125833   -0.695295    0.254515     -0.669601    0.0584432    -0.0020429  
1.4666e-16   -6.13118e-17 -8.28162e-17 0.00851782   -0.288424    -0.804227    0.0390655    0.517975     -0.0115327  
3.47097e-15  -8.28337e-16 -3.73615e-16 -0.69854     -0.00800372  -0.0100077   0.00164835   0.00729647   0.715417    
1           0            1                   1.4244e-14          1          
1           1            1                   3.60785e-15         1          
> all of required 2 eigenpairs converged! <
LOBPCG total time:                 0.0041344
LOBPCG time for avec:              1.63e-05
LOBPCG time for ortho:             0.0003366
LOBPCG time for Rayleigh-Ritz:     0.0012076
ok! converged 
------- final -------
LOBPCG eigenvalues = 
1
1
1
